1|NULL|都X得有毫及害怕|5|5|0|0
2|NULL|而常常在不知不X中害怕起|5|5|0|0
3|NULL|怕|怕西|5|5|0|0
4|NULL|我作任何事都怕|5|5|0|0
5|NULL|我好害怕|5|5|0|0
6|NULL|oro刻都感到不安害怕|5|5|0|0
7|NULL|心理怕怕的|5|5|0|0
8|NULL|心情不好就破口大R|5|5|0|0
9|NULL|到有c暴力A向|5|5|0|0
10|NULL|每天大R家e的人|5|5|0|0
11|NULL|容易激|5|5|0|0
12|NULL|脾r很人|5|5|0|0
13|NULL|自己脾庠碓酱|5|5|0|0
14|NULL|也越碓]耐心|5|5|0|0
15|NULL|脾庖r高r低|5|5|0|0
16|NULL|是一很容易情w激|5|5|0|0
17|NULL|我就o法控制自己的情w|5|5|0|0
18|NULL|他便得常偏激|5|5|0|0
19|NULL|特e容易感到怒不M|5|5|0|0
20|NULL|有脾獠辉鹾玫|5|5|0|0
21|NULL|有r情w很差o法控制|5|5|0|0
22|NULL|而表F火爆脾|5|5|0|0
23|NULL|而且脾庾很大|5|5|0|0
24|NULL|所以故意摔|西|5|5|0|0
25|NULL|以至o法控制歇斯底里行|5|5|0|0
26|NULL|情w容易激|5|5|0|0
27|NULL|我就_始优|5|5|0|0
28|NULL|就o法控制地大反g|5|5|0|0
29|NULL|我的脾庾得很差|5|5|0|0
30|NULL|脾庠碓|5|5|0|0
31|NULL|常常o法克制自己的脾|5|5|0|0
32|NULL|脾饪是在一瞬g爆_|5|5|0|0
33|NULL|想摔|西|5|5|0|0
34|NULL|抓狂v也很激|5|5|0|0
35|NULL|自己脾庖惨着|5|5|0|0
36|NULL|_到情w激拥B|5|5|0|0
37|NULL|但l起脾砭打小孩|5|5|0|0
38|NULL|他就易怒|5|5|0|0
39|NULL|O易优|5|5|0|0
40|NULL|有c歇斯底里般的o法控制|5|5|0|0
41|NULL|也很]耐性|5|5|0|0
42|NULL|m然有r候想法偏激了一c|5|5|0|0
43|NULL|我的脾庀敕ǜ偏激|5|5|0|0
44|NULL|因一些小事而l脾|5|5|0|0
45|NULL|常常l很大的脾|5|5|0|0
46|NULL|易怒是中就_始|5|5|0|0
47|NULL|脾庾的很差|5|5|0|0
48|NULL|]有耐性|5|5|0|0
49|NULL|她脾獠缓|5|5|0|0
50|NULL|有想要砸|西|5|5|0|0
51|NULL|在加上自己脾庾化o常|5|5|0|0
52|NULL|脾庠o法控制|5|5|0|0
53|NULL|我脾饩o法控制|5|5|0|0
54|NULL|情w得易怒|5|5|0|0
55|NULL|用力的摔|西|5|5|0|0
56|NULL|被引爆r暴躁有攻粜|5|5|0|0
57|NULL|脾庾得暴躁|5|5|0|0
58|NULL|f容易不耐|5|5|0|0
59|NULL|X得怒|5|5|0|0
60|NULL|有r怒|5|5|0|0
61|NULL|永h有l不完的脾|5|5|0|0
62|NULL|敏感易怒|5|5|0|0
63|NULL|那些小事情根本就用不著哭|5|5|0|0
64|NULL|我最近脾獠缓|5|5|0|0
65|NULL|情w非常易怒|5|5|0|0
66|NULL|一f就l脾|5|5|0|0
67|NULL|但是很生|5|5|0|0
68|NULL|而且脾夂鼙┰|5|5|0|0
69|NULL|常X得想l脾|5|5|0|0
70|NULL|F在的她r常oo故l脾|5|5|0|0
71|NULL|尤其是她l脾獾r候|5|5|0|0
72|NULL|除了生夂o奈|5|5|0|0
73|NULL|性的暴躁|5|5|0|0
74|NULL|脾庥眍A暴躁|5|5|0|0
75|NULL|常因橐痪湓而l脾|5|5|0|0
76|NULL|m然自己知道不生|5|5|0|0
77|NULL|一定要惹我生|5|5|0|0
78|NULL|脾庾的很暴躁|5|5|0|0
79|NULL|硬泳桶l脾|5|5|0|0
80|NULL|我在很生|5|5|0|0
81|NULL|我的暴躁易怒|5|5|0|0
82|NULL|而且容易生馍很久|5|5|0|0
83|NULL|有r榱诵∈律|5|5|0|0
84|NULL|回家不自X地家人l脾|5|5|0|0
85|NULL|我不是yl男友脾|5|5|0|0
86|NULL|我就非常的生|5|5|0|0
87|NULL|有r自己都不知道楹伟l脾|5|5|0|0
88|NULL|最近r常l脾|5|5|0|0
89|NULL|但是唯一不足的是容易暴躁|5|5|0|0
90|NULL|很容易l脾|5|5|0|0
91|NULL|更加X得生|5|5|0|0
92|NULL|而且情w_始有暴躁|5|5|0|0
93|NULL|我很焦]不耐|5|5|0|0
94|NULL|非常容易l脾|5|5|0|0
95|NULL|我生r世嫉俗|5|5|0|0
96|NULL|ψ约旱哪信笥寻l脾|5|5|0|0
97|NULL|硬泳蜕|5|5|0|0
98|NULL|因槲页３：芟氚l脾|5|5|0|0
99|NULL|@二天想生|5|5|0|0
100|NULL|我很生|5|5|0|0
101|NULL|一而再的l脾|5|5|0|0
102|NULL|一cc事就很生|5|5|0|0
103|NULL|否t就非常生|5|5|0|0
104|NULL|她就l脾|5|5|0|0
105|NULL|被_的我很生|5|5|0|0
106|NULL|我非常容易生|5|5|0|0
107|NULL|情w暴躁易怒|5|5|0|0
108|NULL|常常硬泳蜕|5|5|0|0
109|NULL|即使是一些小事也l脾|5|5|0|0
110|NULL|有r我爸一生馄|5|5|0|0
111|NULL|常λl脾|5|5|0|0
112|NULL|很生庖和我x婚|5|5|0|0
113|NULL|只要小孩一哭就生|5|5|0|0
114|NULL|我很生膺M而很沮|5|5|0|0
115|NULL|就突然得很暴躁|5|5|0|0
116|NULL|脾獗┰|5|5|0|0
117|NULL|生獗r踢壁|5|5|0|0
118|NULL|容易生|5|5|0|0
119|NULL|很容易生|5|5|0|0
120|NULL|他生|5|5|0|0
121|NULL|然後是o法集中注意力|5|5|0|0
122|NULL|注意力亦不集中|5|5|0|0
123|NULL|注意力也o法集中|5|5|0|0
124|NULL|注意力和力很差|5|5|0|0
125|NULL|想法o法集中|5|5|0|0
126|NULL|而且精神o法集中|5|5|0|0
127|NULL|注意力不易集中|5|5|0|0
128|NULL|近年戆lF自己r常o法集中精神|5|5|0|0
129|NULL|近日注意力p低|5|5|0|0
130|NULL|o法集中精神|5|5|0|0
131|NULL|乐厝狈ψ⒁饬|5|5|0|0
132|NULL|注意力不集中|5|5|0|0
133|NULL|精神o法集中|5|5|0|0
134|NULL|注意力o法集中|5|5|0|0
135|NULL|令我在呼吸不了|5|5|0|0
136|NULL|我拿笆趾|5|5|0|0
137|NULL|或是心跳加快|5|5|0|0
138|NULL|左右p手有些抖|5|5|0|0
139|NULL|常常跑所|5|5|0|0
140|NULL|有r心悸|5|5|0|0
141|NULL|而且f也YY巴巴|5|5|0|0
142|NULL|F在手抖不停|5|5|0|0
143|NULL|偶有心悸F象|5|5|0|0
144|NULL|有r手l抖|5|5|0|0
145|NULL|令我到o法呼吸|5|5|0|0
146|NULL|X得^或呼吸困y|5|5|0|0
147|NULL|有吃控制心跳一子|5|5|0|0
148|NULL|我身w的毛病P於心悸|5|5|0|0
149|NULL|焦]及惆l^度Q獾闹|5|5|0|0
150|NULL|之前就有心悸的}|5|5|0|0
151|NULL|有r候呼吸困y想吐|5|5|0|0
152|NULL|平常是心跳很快|5|5|0|0
153|NULL|常感胸喘不^|5|5|0|0
154|NULL|呼吸就有cy^|5|5|0|0
155|NULL|都X得呼吸有cy^|5|5|0|0
156|NULL|有r脖子僵硬|5|5|0|0
157|NULL|呼吸有cy^|5|5|0|0
158|NULL|心跳快|5|5|0|0
159|NULL|@Y拜心悸的好乐|5|5|0|0
160|NULL|心跳忽快忽慢|5|5|0|0
161|NULL|最近有心悸的F像|5|5|0|0
162|NULL|心跳都快跟o|5|5|0|0
163|NULL|我就全身l抖|5|5|0|0
164|NULL|我就X得全身o|5|5|0|0
165|NULL|呼吸有些困y|5|5|0|0
166|NULL|一直想到不能呼吸的事|5|5|0|0
167|NULL|以致一直注意自己的呼吸|5|5|0|0
168|NULL|口吃就越乐|5|5|0|0
169|NULL|P於口吃的}|5|5|0|0
170|NULL|B呼吸都很困y|5|5|0|0
171|NULL|不停l抖|5|5|0|0
172|NULL|心跳很快且胸口很|5|5|0|0
173|NULL|就是r常oе蚂赌t|5|5|0|0
174|NULL|我和e人f都t|5|5|0|0
175|NULL|最近慢慢自己槭颤Nt|5|5|0|0
176|NULL|就呼吸不|5|5|0|0
177|NULL|我就一直l抖|5|5|0|0
178|NULL|一站起砭腿身l抖|5|5|0|0
179|NULL|而且心跳得很快|5|5|0|0
180|NULL|我的手__始l抖|5|5|0|0
181|NULL|有r突然的心悸|5|5|0|0
182|NULL|呼吸不感到好|5|5|0|0
183|NULL|字r手抖得很明@|5|5|0|0
184|NULL|心跳也莫名的加快|5|5|0|0
185|NULL|一o起砭t|5|5|0|0
186|NULL|B表情都很僵硬|5|5|0|0
187|NULL|有ro到l抖|5|5|0|0
188|NULL|l抖乐|5|5|0|0
189|NULL|全身l抖乐|5|5|0|0
190|NULL|而且心跳加速|5|5|0|0
191|NULL|我t或想上所|5|5|0|0
192|NULL|也o地手部l抖|5|5|0|0
193|NULL|心悸已赡甓|5|5|0|0
194|NULL|手l抖情形|5|5|0|0
195|NULL|有呼吸不的感X|5|5|0|0
196|NULL|想到y^的事r胸|5|5|0|0
197|NULL|便常胸c心悸|5|5|0|0
198|NULL|教胸c心悸|5|5|0|0
199|NULL|好状味夹nM所吐|5|5|0|0
200|NULL|甚至l抖|5|5|0|0
201|NULL|甚至心跳加速|5|5|0|0
202|NULL|胸的rgp少了|5|5|0|0
203|NULL|可是最近整天常常X得胸|5|5|0|0
204|NULL|最近每天都心悸|5|5|0|0
205|NULL|乐氐脑心悸到想吐|5|5|0|0
206|NULL|喘不^|5|5|0|0
207|NULL|我lX心跳有快|5|5|0|0
208|NULL|乐氐缴踔码y以呼吸|5|5|0|0
209|NULL|就突然胸起|5|5|0|0
210|NULL|呼吸略不|5|5|0|0
211|NULL|手_l抖|5|5|0|0
212|NULL|一o就心跳加快|5|5|0|0
213|NULL|可是心跳又_始加速|5|5|0|0
214|NULL|全身l抖|5|5|0|0
215|NULL|最常l生的是心跳加快|5|5|0|0
216|NULL|o法呼吸|5|5|0|0
217|NULL|手_不自禁l|5|5|0|0
218|NULL|呼吸急促|5|5|0|0
219|NULL|常常胸|5|5|0|0
220|NULL|手l抖|5|5|0|0
221|NULL|喘不^|5|5|0|0
222|NULL|常常o到胸|5|5|0|0
223|NULL|最近心悸F在l繁|5|5|0|0
224|NULL|我突然t|5|5|0|0
225|NULL|全身l抖|5|5|0|0
226|NULL|就心跳加速|5|5|0|0
227|NULL|我全身l抖|5|5|0|0
228|NULL|t又僵硬|5|5|0|0
229|NULL|音也因此抖|5|5|0|0
230|NULL|怕f不好怕抖得很G人|5|5|0|0
231|NULL|我大哭到喘不^|5|5|0|0
232|NULL|但心跳是不的|5|5|0|0
233|NULL|uu有口吃的症畛霈F|5|5|0|0
234|NULL|就乐氐厥职l抖|5|5|0|0
235|NULL|脖子僵硬|5|5|0|0
236|NULL|入睡前l尿粹是心睡不著|5|5|0|0
237|NULL|我到F在呼吸不正常|5|5|0|0
238|NULL|忘呼吸|5|5|0|0
239|NULL|心跳加速|5|5|0|0
240|NULL|更f有心悸的F象|5|5|0|0
241|NULL|呼吸困y|5|5|0|0
242|NULL|喘大口|5|5|0|0
243|NULL|tl跑所|5|5|0|0
244|NULL|有r]碛傻男募|5|5|0|0
245|NULL|一直l抖|5|5|0|0
246|NULL|K且不喽邮帜_|5|5|0|0
247|NULL|我男【统？诔|5|5|0|0
248|NULL|口吃就出F|5|5|0|0
249|NULL|阻K呼吸|5|5|0|0
250|NULL|除了呼吸不惩|5|5|0|0
251|NULL|因此常常被憋尿所苦|5|5|0|0
252|NULL|我有心悸F象|5|5|0|0
253|NULL|有莫名其妙心跳加速的F象|5|5|0|0
254|NULL|有白天心悸|5|5|0|0
255|NULL|考r也不停l抖|5|5|0|0
256|NULL|甚至手抖|5|5|0|0
257|NULL|它也一直不停的抖|5|5|0|0
258|NULL|使我的_始僵硬|5|5|0|0
259|NULL|只是肌肉^於僵硬|5|5|0|0
260|NULL|^年忽因X得全身僵硬|5|5|0|0
261|NULL|如p手抖|5|5|0|0
262|NULL|lF我全身l抖|5|5|0|0
263|NULL|呼吸有c困y|5|5|0|0
264|NULL|令我旱o法呼吸|5|5|0|0
265|NULL|口吃F象越碓乐|5|5|0|0
266|NULL|呼吸y^|5|5|0|0
267|NULL|常常手抖|5|5|0|0
268|NULL|心跳加快|5|5|0|0
269|NULL|我的^一直l抖|5|5|0|0
270|NULL|^l抖|5|5|0|0
271|NULL|f的OY巴|5|5|0|0
272|NULL|就有一N毫和胸|5|5|0|0
273|NULL|接近rX得o法呼吸|5|5|0|0
274|NULL|已好久]有心悸的感X|5|5|0|0
275|NULL|心悸心跳停止|5|5|0|0
276|NULL|肩膀僵硬|5|5|0|0
277|NULL|o冒汗得ll拭汗|5|5|0|0
278|NULL|心K喘不^|5|5|0|0
279|NULL|同r常常心悸|5|5|0|0
280|NULL|且有心悸c胸的情r|5|5|0|0
281|NULL|B呼吸都得沉重|5|5|0|0
282|NULL|同r地心悸|5|5|0|0
283|NULL|焦]到l抖|5|5|0|0
284|NULL|打完後同痈械叫募|5|5|0|0
285|NULL|感到自己快速的心跳|5|5|0|0
286|NULL|我都失常而且全身l抖|5|5|0|0
287|NULL|表情僵硬|5|5|0|0
288|NULL|心悸不已|5|5|0|0
289|NULL|只是偶而心悸胸或是想l脾|5|5|0|0
290|NULL|突然呼吸困y|5|5|0|0
291|NULL|手是抖不停|5|5|0|0
292|NULL|怎N手也抖呢|5|5|0|0
293|NULL|心跳一直跳好快|5|5|0|0
294|NULL|有心悸和失眠的情形|5|5|0|0
295|NULL|因而心跳加速|5|5|0|0
296|NULL|手指l抖|5|5|0|0
297|NULL|突然有恐慌c心悸的感X|5|5|0|0
298|NULL|心我口吃|5|5|0|0
299|NULL|就a生口吃了|5|5|0|0
300|NULL|譬如心跳加快|5|5|0|0
301|NULL|呼吸急促等F象|5|5|0|0
302|NULL|因槲遗c陌生人f口吃|5|5|0|0
303|NULL|Τ砸沧得]什N要求|5|5|0|0
304|NULL|Y果乐赜绊食j|5|5|0|0
305|NULL|但吃的次翟碓缴|5|5|0|0
306|NULL||西吃的很少|5|5|0|0
307|NULL|即使勉自己吃|5|5|0|0
308|NULL|不吃不喝|5|5|0|0
309|NULL|需要e人j我吃|西|5|5|0|0
310|NULL|也]食j|5|5|0|0
311|NULL|有r候吃不下|5|5|0|0
312|NULL|胃口K未^好|5|5|0|0
313|NULL|最近也吃不太下|5|5|0|0
314|NULL|食j也差|5|5|0|0
315|NULL|@次食j也降低|5|5|0|0
316|NULL|而且]什N胃口|5|5|0|0
317|NULL|也都一直]胃口|5|5|0|0
318|NULL|可是我一直不想吃|5|5|0|0
319|NULL|]有食j|5|5|0|0
320|NULL|白天常]什N食j|5|5|0|0
321|NULL|因槲易罱的食j不是很好|5|5|0|0
322|NULL|也]胃口|5|5|0|0
323|NULL|不肯吃|西|5|5|0|0
324|NULL|失去食j|5|5|0|0
325|NULL|仍吃不下|西|5|5|0|0
326|NULL|以及食j不佳|5|5|0|0
327|NULL|整天不吃也不睡|5|5|0|0
328|NULL|硬使我吃|西|5|5|0|0
329|NULL|_始食j不振|5|5|0|0
330|NULL|mf食j不振|5|5|0|0
331|NULL|食j不振|5|5|0|0
332|NULL|忽然不吃不喝|5|5|0|0
333|NULL|也不吃|西|5|5|0|0
334|NULL|就是一c都不想吃|5|5|0|0
335|NULL|吃不下|5|5|0|0
336|NULL|最近]食j|5|5|0|0
337|NULL|又食j不振|5|5|0|0
338|NULL|不想吃|西|5|5|0|0
339|NULL|我的食j不振|5|5|0|0
340|NULL|s]有食j|5|5|0|0
341|NULL|不H乐赜绊食j|5|5|0|0
342|NULL|胃口很差|5|5|0|0
343|NULL|什N|西都不想吃|5|5|0|0
344|NULL|I到四肢o力都不吃|5|5|0|0
345|NULL|他K不排斥食可是都吐|5|5|0|0
346|NULL|甚至吃到一半就想吐|5|5|0|0
347|NULL|接著就把吃的|西吐出|5|5|0|0
348|NULL|吃什N都要I吐出|5|5|0|0
349|NULL|吃|西也不由自主的吐出|5|5|0|0
350|NULL|而且有rK不I|5|5|0|0
351|NULL|但也不太I|5|5|0|0
352|NULL|怎N@No力|5|5|0|0
353|NULL|每天都很o力|5|5|0|0
354|NULL|@得o精打采|5|5|0|0
355|NULL|可是每天就X得很疲倦|5|5|0|0
356|NULL|我很疲倦|5|5|0|0
357|NULL|每天感到疲倦|5|5|0|0
358|NULL|整天非常疲|5|5|0|0
359|NULL|精神疲|5|5|0|0
360|NULL|也常常感到弱疲倦|5|5|0|0
361|NULL|常常感到O度疲倦|5|5|0|0
362|NULL|身w愈碛疲v|5|5|0|0
363|NULL|常X得疲倦|5|5|0|0
364|NULL|常感到疲累|5|5|0|0
365|NULL|又X得很疲累|5|5|0|0
366|NULL|每天都X得疲倦|5|5|0|0
367|NULL|因O其疲倦|5|5|0|0
368|NULL|容易疲倦|5|5|0|0
369|NULL|最近我常常很累想睡X|5|5|0|0
370|NULL|容易X得疲累|5|5|0|0
371|NULL|有r真X得很累|5|5|0|0
372|NULL|常X得很累|5|5|0|0
373|NULL|令我X得很疲累|5|5|0|0
374|NULL|很容易疲o精打采|5|5|0|0
375|NULL|手_o力的症|5|5|0|0
376|NULL|手_o力|5|5|0|0
377|NULL|手_o力感|5|5|0|0
378|NULL|е碌搅酥形缇腿身o力|5|5|0|0
379|NULL|r常感到全身o力|5|5|0|0
380|NULL|全身o力|5|5|0|0
381|NULL|有r候感到全身o力|5|5|0|0
382|NULL|身w也常常出F小毛病|5|5|0|0
383|NULL|父H的身w又出F不m|5|5|0|0
384|NULL|身w也X得怪怪的|5|5|0|0
385|NULL|身w也不太好|5|5|0|0
386|NULL|身w一直不好|5|5|0|0
387|NULL|但他身w也不好|5|5|0|0
388|NULL|而身w也得越碓讲|5|5|0|0
389|NULL|o是身wr越碓讲|5|5|0|0
390|NULL|F在就一直f身w不舒服|5|5|0|0
391|NULL|X得自己的身w很差|5|5|0|0
392|NULL|然而身wr不定|5|5|0|0
393|NULL|@堤砩眢w不m|5|5|0|0
394|NULL|身w的一些地方常常感到不m|5|5|0|0
395|NULL|我弟去年底身wX得|5|5|0|0
396|NULL|但是我的身w一直出r|5|5|0|0
397|NULL|身w有r忽冷忽|5|5|0|0
398|NULL|和身w的不舒服|5|5|0|0
399|NULL|X得^或呼吸困y|5|5|0|0
400|NULL|爸爸Q身w不舒服|5|5|0|0
401|NULL|常抱怨身w不舒服|5|5|0|0
402|NULL|身w不舒服|5|5|0|0
403|NULL|我s愈碛不舒服|5|5|0|0
404|NULL|於是X得非常的不舒服|5|5|0|0
405|NULL|身w很不舒服|5|5|0|0
406|NULL|常X得自己身w不舒服|5|5|0|0
407|NULL|令我十分的不舒服|5|5|0|0
408|NULL|我中就肩膀酸|5|5|0|0
409|NULL|常X得腰酸背痛|5|5|0|0
410|NULL|最近^常常^|5|5|0|0
411|NULL|胸口的|5|5|0|0
412|NULL|最近^我很不舒服|5|5|0|0
413|NULL|^就|5|5|0|0
414|NULL|立即有身w不舒服的反|5|5|0|0
415|NULL|以前偶就有^|5|5|0|0
416|NULL|突然一乐氐念^|5|5|0|0
417|NULL|拇苏天都X得^|5|5|0|0
418|NULL|^有一c或是痛|5|5|0|0
419|NULL|胸口是的|5|5|0|0
420|NULL|一直X得胸腔o|5|5|0|0
421|NULL|有r腹部不r都l出咕９Ｂ|5|5|0|0
422|NULL|有r^眩|5|5|0|0
423|NULL|常背痛|5|5|0|0
424|NULL|肩膀i痛|5|5|0|0
425|NULL|手_i疼|5|5|0|0
426|NULL|我^}持m|5|5|0|0
427|NULL|肌肉o法放|5|5|0|0
428|NULL|^整天都昏昏的|5|5|0|0
429|NULL|在工作g常X得^痛|5|5|0|0
430|NULL|常X得背部酸痛|5|5|0|0
431|NULL|肌肉抽筋|5|5|0|0
432|NULL|胸口最近老是的|5|5|0|0
433|NULL|^很痛|5|5|0|0
434|NULL|胸口很痛|5|5|0|0
435|NULL|r常胸口|5|5|0|0
436|NULL|胸痛或胸部不舒服|5|5|0|0
437|NULL|腹部不m|5|5|0|0
438|NULL|^痛胃痛拉肚子等|5|5|0|0
439|NULL|後碜筮的^麻掉|5|5|0|0
440|NULL|平常就^痛|5|5|0|0
441|NULL|又生病胃^痛|5|5|0|0
442|NULL|有r胸口的|5|5|0|0
443|NULL|白天r常^痛|5|5|0|0
444|NULL|肩膀酸痛|5|5|0|0
445|NULL|有r也oo故的^痛|5|5|0|0
446|NULL|我的胸口很|5|5|0|0
447|NULL|^痛^|5|5|0|0
448|NULL|胸口d|5|5|0|0
449|NULL|有精神衰弱常常感到疲倦|5|5|0|0
450|NULL|^痛的粉害|5|5|0|0
451|NULL|胸口很|5|5|0|0
452|NULL|眉心及眼睛很痛|5|5|0|0
453|NULL|^的r更不在下|5|5|0|0
454|NULL|致使面部肌肉常常不自X抖|5|5|0|0
455|NULL|拇笠婚_始X得胸口d|5|5|0|0
456|NULL|i椎有|5|5|0|0
457|NULL|我常^痛|5|5|0|0
458|NULL|甚至出F^痛|5|5|0|0
459|NULL|P感到疼痛|5|5|0|0
460|NULL|只是肌肉^於僵硬|5|5|0|0
461|NULL|I汗耳Q|5|5|0|0
462|NULL|我的^一直l抖|5|5|0|0
463|NULL|^l抖|5|5|0|0
464|NULL|Y果^後面_始很痛|5|5|0|0
465|NULL|我每天都是^疼|5|5|0|0
466|NULL|常出F^痛|5|5|0|0
467|NULL|X得胸口很|5|5|0|0
468|NULL|常常想起就X心^|5|5|0|0
469|NULL|久而久之我X得很累|5|5|0|0
470|NULL|常常X得^|5|5|0|0
471|NULL|^痛^著|5|5|0|0
472|NULL|又有^|5|5|0|0
473|NULL|胸口痛|5|5|0|0
474|NULL|常感到胸口很|5|5|0|0
475|NULL|有r^痛|5|5|0|0
476|NULL|有r肚子痛|5|5|0|0
477|NULL|有r牙X酸痛^敏w||5|5|0|0
478|NULL|r常有^痛腰痛的}|5|5|0|0
479|NULL|^也莫名的痛起|5|5|0|0
480|NULL|甚至造成停的F象|5|5|0|0
481|NULL|月也三月]|5|5|0|0
482|NULL|月失{|5|5|0|0
483|NULL|月不正常|5|5|0|0
484|NULL|确置谑д{等情形|5|5|0|0
485|NULL|性j低落|5|5|0|0
486|NULL|只是X得]有性j|5|5|0|0
487|NULL|也]有很的性j|5|5|0|0
488|NULL|不想做那N事|5|5|0|0
489|NULL|不想要碰我|5|5|0|0
490|NULL|不想他碰我|5|5|0|0
491|NULL|不想c我l生PS|5|5|0|0
492|NULL|但自己不想跟女人做|5|5|0|0
493|NULL|只是自己太o]病症|5|5|0|0
494|NULL|常岩勺约河芯神病|5|5|0|0
495|NULL|岩勺约旱昧nd症|5|5|0|0
496|NULL|我岩勺约河猩缃豢种|5|5|0|0
497|NULL|我岩晌沂遣皇怯nd症|5|5|0|0
498|NULL|我有c岩勺约菏怯胁×|5|5|0|0
499|NULL|我岩勺砸堰有其他症|5|5|0|0
500|NULL|我岩勺约河忻病|5|5|0|0
501|NULL|常抱怨身w不舒服|5|5|0|0
502|NULL|但我越碓心得糖尿病|5|5|0|0
503|NULL|我很心@是不是病|5|5|0|0
504|NULL|我最心的是桶l|5|5|0|0
505|NULL|晚上一直心不睡著|5|5|0|0
506|NULL|不造成身w上的害呢|5|5|0|0
507|NULL|好心是不是nd症又桶l了|5|5|0|0
508|NULL|我一直心病情夯下去|5|5|0|0
509|NULL|也因此瘦了下|5|5|0|0
510|NULL|已瘦到不成人形|5|5|0|0
511|NULL|所以就瘦了|5|5|0|0
512|NULL|瘦十二公斤|5|5|0|0
513|NULL|w重已下降至四九了|5|5|0|0
514|NULL|w重下降X得很|5|5|0|0
515|NULL|w重一直pp|5|5|0|0
516|NULL|w重直直落|5|5|0|0
517|NULL|整人也瘦了快十公斤|5|5|0|0
518|NULL|所以我很瘦|5|5|0|0
519|NULL|可是我的w重pp|5|5|0|0
520|NULL|瘦了扇公斤|5|5|0|0
521|NULL|可是我的w重是愈碛p|5|5|0|0
522|NULL|目前已瘦了十公斤|5|5|0|0
523|NULL|w重下降|5|5|0|0
524|NULL|w重pp|5|5|0|0
525|NULL|我已瘦的不成人恿|5|5|0|0
526|NULL|w重一直下降|5|5|0|0
527|NULL|之前我曾得^nd症|5|5|0|0
528|NULL|但是我lX我不是只有nd症|5|5|0|0
529|NULL|我是重度nd症的病人|5|5|0|0
530|NULL|他患有nd症和食症|5|5|0|0
531|NULL|罹患nd症已三年|5|5|0|0
532|NULL|我最近有nd症|5|5|0|0
533|NULL|我F在有nd症|5|5|0|0
534|NULL|我曾看^nd症纱|5|5|0|0
535|NULL|我被\nd症|5|5|0|0
536|NULL|有nd症的A向|5|5|0|0
537|NULL|我只是情w低落不至於nd症|5|5|0|0
538|NULL|X得我自己得了nd症|5|5|0|0
539|NULL|被\嘤nd症|5|5|0|0
540|NULL|我的nd症一直持m|5|5|0|0
541|NULL|t生判毫χ⒑蛉|5|5|0|0
542|NULL|我得了nd症|5|5|0|0
543|NULL|一直以樽约菏nd症患者|5|5|0|0
544|NULL|我一直都有nd症|5|5|0|0
545|NULL|有nd症伴S焦]|5|5|0|0
546|NULL|我以前有相同的情rnd症|5|5|0|0
547|NULL|已被t\nd症|5|5|0|0
548|NULL|最後_定nd症|5|5|0|0
549|NULL|得知自己患了nd症|5|5|0|0
550|NULL|我也得到nd症|5|5|0|0
551|NULL|我lX自己有些nd症|5|5|0|0
552|NULL|我朋友之前被判定是nd症|5|5|0|0
553|NULL|t生\嗨是重度nd|5|5|0|0
554|NULL|我X得自己有c躁d症的A向|5|5|0|0
555|NULL|t生f我是迫症|5|5|0|0
556|NULL|我患有恐慌症|5|5|0|0
557|NULL|我外甥有精神分裂症|5|5|0|0
558|NULL|t生判嘀榻]症|5|5|0|0
559|NULL|我想我有同性A向|5|5|0|0
560|NULL|t生f是焦]症|5|5|0|0
561|NULL|但我又有恐种|5|5|0|0
562|NULL|二年r得了精神分裂症|5|5|0|0
563|NULL|他f症钍强只胖|5|5|0|0
564|NULL|我是躁d症患者|5|5|0|0
565|NULL|我有了社交畏种|5|5|0|0
566|NULL|t生f是精神分裂症|5|5|0|0
567|NULL|我患有暴食症|5|5|0|0
568|NULL|t生f我有焦]症|5|5|0|0
569|NULL|t生都f我是nd症|5|5|0|0
570|NULL|我有精神分裂症|5|5|0|0
571|NULL|我是有}|5|5|0|0
572|NULL|他f我是社畏症|5|5|0|0
573|NULL|妹妹f我自]症|5|5|0|0
574|NULL|我是nd症病患|5|5|0|0
575|NULL|我是的nd症患者|5|5|0|0
576|NULL|我是精神分裂症的患者|5|5|0|0
577|NULL|他f我有得了nd症|5|5|0|0
578|NULL|我是nd症患者|5|5|0|0
579|NULL|我自己本身也是nd症患者|5|5|0|0
580|NULL|才lF有精神官能症|5|5|0|0
581|NULL|我曾是恐慌症患者|5|5|0|0
582|NULL|我是生病了|5|5|0|0
583|NULL|加上我也有身心症的症|5|5|0|0
584|NULL|我是一躁d症患者|5|5|0|0
585|NULL|我患有重d症|5|5|0|0
586|NULL|但可C我有nd症|5|5|0|0
587|NULL|t生f是迫症|5|5|0|0
588|NULL|我是一焦]症的病人|5|5|0|0
589|NULL|其我是一位躁d症患者|5|5|0|0
590|NULL|我是一nd症病人|5|5|0|0
591|NULL|我是nd症的W生|5|5|0|0
592|NULL|由t生\迫症|5|5|0|0
593|NULL|我先生患有迫症|5|5|0|0
594|NULL|我有p微焦]症|5|5|0|0
595|NULL|也S是因槲矣胁∽R感|5|5|0|0
596|NULL|t生f我有了nd症|5|5|0|0
597|NULL|我母H是躁d症患者|5|5|0|0
598|NULL|我患有躁d症|5|5|0|0
599|NULL|而且我又得到暴食症|5|5|0|0
600|NULL|家父橐恢囟nd症患者|5|5|0|0
601|NULL|我是t\嗟nd症患者|5|5|0|0
602|NULL|但是我又有社交恐种|5|5|0|0
603|NULL|t生f我有nd症|5|5|0|0
604|NULL|我是nd症的患者|5|5|0|0
605|NULL|t生判定迫症|5|5|0|0
606|NULL|t生初步\榫神分裂症|5|5|0|0
607|NULL|t生f是躁症|5|5|0|0
608|NULL|我是躁d症多年患者|5|5|0|0
609|NULL|t院\榫神分裂症|5|5|0|0
610|NULL|t生\嗍腔孟胫|5|5|0|0
611|NULL|t生f我患重d症|5|5|0|0
612|NULL|我是一焦]患者|5|5|0|0
613|NULL|她母H有乐氐脑牯d症|5|5|0|0
614|NULL|我是躁d症患者|5|5|0|0
615|NULL|我有]病症的A向|5|5|0|0
616|NULL|t生f有社交恐种|5|5|0|0
617|NULL|r判定nd兼焦]症|5|5|0|0
618|NULL|另外我的母H是迫症病人|5|5|0|0
619|NULL|我先生\嘤锌只胖|5|5|0|0
620|NULL|我是精神分裂者|5|5|0|0
621|NULL|lF我有nd症|5|5|0|0
622|NULL|他f我有p微nd症|5|5|0|0
623|NULL|那年患上抑d症|5|5|0|0
624|NULL|一年後患上迫思想症|5|5|0|0
625|NULL|我是一nd患者|5|5|0|0
626|NULL|我有焦]症|5|5|0|0
627|NULL|我有很乐氐指咧|5|5|0|0
628|NULL|我有nd症|5|5|0|0
629|NULL|也S我有一些nd症吧|5|5|0|0
630|NULL|可能那r得了nd症吧|5|5|0|0
631|NULL|我可能有nd症|5|5|0|0
632|NULL|真的岩晌沂遣皇怯芯神病|5|5|0|0
633|NULL|我岩勺约菏遣皇堑玫nd症|5|5|0|0
634|NULL|我岩晌沂遣皇怯nd症|5|5|0|0
635|NULL|好像快成nd症了|5|5|0|0
636|NULL|似乎有nd症的A向|5|5|0|0
637|NULL|有陷於nd症的可能|5|5|0|0
638|NULL|岩勺约旱昧nd症|5|5|0|0
639|NULL|我是nd症的患者|5|5|0|0
640|NULL|我似乎有社交恐种|5|5|0|0
641|NULL|我X得自己可能得了躁d症|5|5|0|0
642|NULL|我岩勺约河猩缃豢种|5|5|0|0
643|NULL|我的男朋友疑似患有躁d症|5|5|0|0
644|NULL|有可能L期抑d症|5|5|0|0
645|NULL|有可能迫症|5|5|0|0
646|NULL|有可能社交恐种|5|5|0|0
647|NULL|有可能恐慌症|5|5|0|0
648|NULL|有可能缰|5|5|0|0
649|NULL|我可能有社恐种|5|5|0|0
650|NULL|甚至岩勺约河斜┦持|5|5|0|0
651|NULL|我岩晌沂亲性症患者|5|5|0|0
652|NULL|我有c岩勺约菏怯胁×|5|5|0|0
653|NULL|所以可能]有nd症|5|5|0|0
654|NULL|也S我根本]有nd症啊|5|5|0|0
655|NULL|我根本就]有焦]症|5|5|0|0
656|NULL|Y果是]有社交畏种|5|5|0|0
